[gd_scene load_steps=23 format=3 uid="uid://charavp71pvq6"]

[ext_resource type="Script" uid="uid://c4r6dyb2wlxwa" path="res://components/entity_components/sprint.gd" id="1_e4p34"]
[ext_resource type="PackedScene" uid="uid://blc5hnsk32uqd" path="res://assets/characters/godoot_man_player_model.tscn" id="1_oprnr"]
[ext_resource type="Script" uid="uid://dy3n4384afa7s" path="res://components/entity_components/gravity.gd" id="1_qly61"]
[ext_resource type="Script" uid="uid://dgnhrfw17afeb" path="res://entities/player_controller.gd" id="1_x08pd"]
[ext_resource type="Script" uid="uid://1cmop875841a" path="res://components/entity_components/noclip.gd" id="2_rfe5m"]
[ext_resource type="Script" uid="uid://cpq3px4w5rdmg" path="res://components/entity_components/jump.gd" id="3_kdgjc"]
[ext_resource type="Script" uid="uid://n2edawhdtqdd" path="res://components/entity_components/relative_input.gd" id="3_qly61"]
[ext_resource type="Script" uid="uid://5l8i085oi2ii" path="res://components/entity_components/input_mouse_locker.gd" id="4_rfe5m"]
[ext_resource type="Script" uid="uid://c8fdk27nvgr0x" path="res://components/entity_components/toggle_fullscreen.gd" id="6_6nm46"]
[ext_resource type="Script" uid="uid://c7b06cgocrjqj" path="res://components/entity_components/stamina.gd" id="7_i623q"]
[ext_resource type="Script" uid="uid://ru04rhxl2ptf" path="res://components/entity_components/health_component.gd" id="8_i623q"]
[ext_resource type="Script" uid="uid://ytug2cwp8uo" path="res://components/entity_components/body_head_rotation.gd" id="9_dchgp"]
[ext_resource type="PackedScene" uid="uid://55mv0acq64ki" path="res://components/syncing_values/net_position_lerper.tscn" id="10_dchgp"]
[ext_resource type="Script" uid="uid://bq2437i28fq8q" path="res://components/entity_components/player_camera_mgr.gd" id="11_q0i8f"]
[ext_resource type="PackedScene" uid="uid://bm6xg2mfckbov" path="res://entities/weapons/revolver.tscn" id="14_8rie4"]
[ext_resource type="Script" uid="uid://q7pbmvoxmg8f" path="res://components/entity_components/use_equipped_item.gd" id="14_dp3pk"]
[ext_resource type="PackedScene" uid="uid://ceber446a3qku" path="res://components/syncing_values/net_rotation_lerper.tscn" id="15_0i614"]
[ext_resource type="Script" uid="uid://cumtkbxpfad37" path="res://components/entity_components/respawning.gd" id="15_cgp7q"]
[ext_resource type="Script" uid="uid://dk6i2dgov4gy8" path="res://components/entity_components/hit_box_manager.gd" id="16_1n8aq"]
[ext_resource type="PackedScene" uid="uid://bw66n55p0655k" path="res://ui/player_hud.tscn" id="16_oprnr"]
[ext_resource type="PackedScene" uid="uid://b6qydmka43s6f" path="res://components/entity_components/healthbar_3d.tscn" id="21_28s6d"]

[sub_resource type="CapsuleShape3D" id="CapsuleShape3D_merdl"]
radius = 0.235881

[node name="Player" type="CharacterBody3D"]

[node name="GodootManPlayerModel" parent="." instance=ExtResource("1_oprnr")]
transform = Transform3D(-1, 0, 8.74228e-08, 0, 1, 0, -8.74228e-08, 0, -1, 0, 0, 0)

[node name="Skeleton3D" parent="GodootManPlayerModel/GodootManRig" index="0"]
bones/0/position = Vector3(0, 0.948391, -0.0501)
bones/5/rotation = Quaternion(3.82851e-08, 0.861885, -0.507103, -4.7605e-07)
bones/6/rotation = Quaternion(-3.64461e-07, -0.540308, 0.841467, -1.05202e-07)
bones/17/rotation = Quaternion(0.864119, 0.02131, -0.0123925, 0.502684)
bones/18/rotation = Quaternion(0.431896, 0.0106467, 0.0222338, 0.901587)
bones/19/rotation = Quaternion(-0.484374, 2.34677e-07, -2.99515e-08, 0.874861)
bones/22/rotation = Quaternion(0.991455, -0.0244479, -0.00316246, -0.128099)
bones/23/rotation = Quaternion(0.164847, -0.00406118, -0.0243146, 0.986011)
bones/24/rotation = Quaternion(-0.521702, -1.1958e-07, 5.78166e-08, 0.853128)
bones/25/rotation = Quaternion(-4.31393e-08, 0.964307, -0.264788, -7.28031e-08)
bones/26/rotation = Quaternion(-0.681868, 0.681868, -0.187233, -0.187233)

[node name="Godoot" parent="GodootManPlayerModel/GodootManRig/Skeleton3D" index="0"]
transform = Transform3D(-1, -1.25736e-09, 6.27832e-07, 1.39566e-07, 0.974531, 0.22425, -6.12124e-07, 0.22425, -0.974531, -3.96813e-10, 1.59186, 0.1654)

[node name="GodootHorns" parent="GodootManPlayerModel/GodootManRig/Skeleton3D" index="1"]
transform = Transform3D(-1, -1.25736e-09, 6.27832e-07, 1.39566e-07, 0.974531, 0.22425, -6.12124e-07, 0.22425, -0.974531, -3.96813e-10, 1.59186, 0.1654)

[node name="HeadLookAt" parent="GodootManPlayerModel/GodootManRig/Skeleton3D" index="5"]
target_node = NodePath("../../../../Head/HeadLookAtIkTarget")

[node name="BendSpineIk" parent="GodootManPlayerModel/GodootManRig/Skeleton3D" index="6"]
target_node = NodePath("../../../../Head/HeadLookAtIkTarget")

[node name="RightArmIk" parent="GodootManPlayerModel/GodootManRig/Skeleton3D" index="7"]
target_node = NodePath("../../../../Head/HandSpot")

[node name="HeadBoneAttach" parent="GodootManPlayerModel/GodootManRig/Skeleton3D" index="8"]
transform = Transform3D(1, -1.42109e-13, -1.98952e-13, 0, 0.974979, -0.222298, 2.70006e-13, 0.222299, 0.974978, -4.68288e-14, 1.59493, 0.165451)

[node name="ChestBone" parent="GodootManPlayerModel/GodootManRig/Skeleton3D" index="9"]
transform = Transform3D(1, 3.43439e-18, -4.1046e-18, -4.1046e-18, 0.984318, -0.176405, 3.43439e-18, 0.176405, 0.984317, 0, 1.34649, -0.00490002)

[node name="HipsBone" parent="GodootManPlayerModel/GodootManRig/Skeleton3D" index="10"]
transform = Transform3D(1, 0, 0, 0, 0.968328, -0.249681, 0, 0.249681, 0.968328, 0, 0.948391, -0.0501)

[node name="ThighBoneL" parent="GodootManPlayerModel/GodootManRig/Skeleton3D" index="11"]
transform = Transform3D(0.998785, 0.0492878, 7.18796e-06, 0.0342947, -0.694854, -0.718334, -0.0354001, 0.71746, -0.695701, 0.12176, 0.982758, 0.00140001)

[node name="ThighBoneR" parent="GodootManPlayerModel/GodootManRig/Skeleton3D" index="12"]
transform = Transform3D(0.998785, -0.0492881, -7.39239e-06, -0.0430283, -0.872009, 0.487596, -0.0240391, -0.487002, -0.873072, -0.12176, 0.982758, 0.00140001)

[node name="ShinBoneL" parent="GodootManPlayerModel/GodootManRig/Skeleton3D" index="13"]
transform = Transform3D(1, -2.3999e-07, -1.22075e-07, -2.24672e-07, -0.995765, 0.0919439, -1.49212e-07, -0.0919461, -0.995765, 0.14245, 0.691068, 0.30258)

[node name="ShinBoneR" parent="GodootManPlayerModel/GodootManRig/Skeleton3D" index="14"]
transform = Transform3D(1, -4.64811e-08, 2.90704e-07, -2.47361e-07, -0.666986, 0.745071, 1.54863e-07, -0.745071, -0.666988, -0.14245, 0.616701, -0.203037)

[node name="UpperArmL" parent="GodootManPlayerModel/GodootManRig/Skeleton3D" index="15"]
transform = Transform3D(-0.00284319, 0.999905, 0.0134594, -0.999995, -0.00285686, 0.000985468, 0.00102388, -0.0134566, 0.999909, 0.166955, 1.48646, 0.000454813)

[node name="UpperArmR" parent="GodootManPlayerModel/GodootManRig/Skeleton3D" index="16"]
transform = Transform3D(-0.00284319, -0.999905, -0.0134594, 0.999995, -0.00285686, 0.000985468, -0.00102388, -0.0134566, 0.999909, -0.166955, 1.48646, 0.000454813)

[node name="ForearmL" parent="GodootManPlayerModel/GodootManRig/Skeleton3D" index="17"]
transform = Transform3D(0.0244154, 0.999568, -0.0163344, -0.999197, 0.0238805, -0.0321676, -0.0317636, 0.0171066, 0.999349, 0.51619, 1.48546, -0.00424515)

[node name="ForearmR" parent="GodootManPlayerModel/GodootManRig/Skeleton3D" index="18"]
transform = Transform3D(0.0244154, -0.999568, 0.0163344, 0.999197, 0.0238805, -0.0321676, 0.0317636, 0.0171066, 0.999349, -0.51619, 1.48546, -0.00424515)

[node name="CollisionShape3D" type="CollisionShape3D" parent="."]
transform = Transform3D(1, 0, 0, 0, 1, 0, 0, 0, 1, 0, 1, 0)
shape = SubResource("CapsuleShape3D_merdl")

[node name="Head" type="Node3D" parent="."]
transform = Transform3D(1, 0, 0, 0, 1, 0, 0, 0, 1, 0, 1.4616, 0)

[node name="FpsCamera" type="Camera3D" parent="Head"]
transform = Transform3D(1, 0, 0, 0, 1, 0, 0, 0, 1, 0, -0.0687125, -0.080133)

[node name="EyeCast" type="RayCast3D" parent="Head/FpsCamera"]
target_position = Vector3(0, 0, -2000)

[node name="HitboxCast" type="RayCast3D" parent="Head/FpsCamera"]
target_position = Vector3(0, -1, -2000)
collision_mask = 8

[node name="HeadLookAtIkTarget" type="Node3D" parent="Head"]
transform = Transform3D(1, 0, 0, 0, 1, 0, 0, 0, 1, 0, 0, -0.971047)

[node name="HandSpot" type="Node3D" parent="Head"]
transform = Transform3D(1, 0, 0, 0, 1, 0, 0, 0, 1, 0.14822, -0.368713, -0.341573)

[node name="Revolver" parent="Head/HandSpot" instance=ExtResource("14_8rie4")]

[node name="PlayerController" type="Node" parent="."]
script = ExtResource("1_x08pd")

[node name="Gravity" type="Node" parent="PlayerController"]
script = ExtResource("1_qly61")
gravity_multiplier = 1.5
metadata/_custom_type_script = "uid://dy3n4384afa7s"

[node name="Jump" type="Node" parent="PlayerController"]
script = ExtResource("3_kdgjc")
jump_force = 5.0
metadata/_custom_type_script = "uid://cpq3px4w5rdmg"

[node name="Sprint" type="Node" parent="PlayerController"]
script = ExtResource("1_e4p34")
metadata/_custom_type_script = "uid://c4r6dyb2wlxwa"

[node name="RelativeInput" type="Node" parent="PlayerController"]
script = ExtResource("3_qly61")
metadata/_custom_type_script = "uid://n2edawhdtqdd"

[node name="InputMouseLocker" type="Node" parent="PlayerController"]
script = ExtResource("4_rfe5m")
metadata/_custom_type_script = "uid://5l8i085oi2ii"

[node name="Noclip" type="Node" parent="PlayerController"]
script = ExtResource("2_rfe5m")
metadata/_custom_type_script = "uid://1cmop875841a"

[node name="ToggleFullscreen" type="Node" parent="PlayerController"]
script = ExtResource("6_6nm46")
metadata/_custom_type_script = "uid://c8fdk27nvgr0x"

[node name="Stamina" type="Node" parent="PlayerController"]
script = ExtResource("7_i623q")
metadata/_custom_type_script = "uid://c7b06cgocrjqj"

[node name="BodyHeadRotation" type="Node" parent="PlayerController"]
script = ExtResource("9_dchgp")
metadata/_custom_type_script = "uid://ytug2cwp8uo"

[node name="PlayerCameraMgr" type="Node" parent="PlayerController"]
script = ExtResource("11_q0i8f")
metadata/_custom_type_script = "uid://bq2437i28fq8q"

[node name="UseEquippedItem" type="Node" parent="PlayerController"]
script = ExtResource("14_dp3pk")

[node name="Respawning" type="Node" parent="PlayerController"]
script = ExtResource("15_cgp7q")
metadata/_custom_type_script = "uid://cumtkbxpfad37"

[node name="HitBoxManager" type="Node" parent="PlayerController" node_paths=PackedStringArray("hitbox_parent")]
script = ExtResource("16_1n8aq")
hitbox_parent = NodePath("../../GodootManPlayerModel/GodootManRig/Skeleton3D")

[node name="CoyoteTimer" type="Timer" parent="PlayerController"]
wait_time = 0.5

[node name="HealthComponent" type="Node" parent="."]
script = ExtResource("8_i623q")
metadata/_custom_type_script = "uid://ru04rhxl2ptf"

[node name="Networked" type="Node" parent="."]

[node name="NetPositionLerper" parent="Networked" node_paths=PackedStringArray("controlled_object") instance=ExtResource("10_dchgp")]
controlled_object = NodePath("../..")

[node name="MultiplayerSynchronizer" parent="Networked/NetPositionLerper" index="0"]
replication_interval = 0.05

[node name="NetRotationLerper" parent="Networked" node_paths=PackedStringArray("controlled_object") instance=ExtResource("15_0i614")]
controlled_object = NodePath("../../Head")

[node name="MultiplayerSynchronizer" parent="Networked/NetRotationLerper" index="0"]
replication_interval = 0.1

[node name="PlayerNameLabel" type="Label3D" parent="."]
transform = Transform3D(1, 0, 0, 0, 1, 0, 0, 0, 1, 0, 2.27529, 0)
billboard = 1
text = "PlayerName"

[node name="PeerIdLabel" type="Label3D" parent="."]
transform = Transform3D(1, 0, 0, 0, 1, 0, 0, 0, 1, 0, 2.55996, 0)
billboard = 1
modulate = Color(0.408329, 0.408329, 0.408329, 1)
text = "Peer ID"

[node name="PlayerHUD" parent="." instance=ExtResource("16_oprnr")]

[node name="Healthbar3D" parent="." instance=ExtResource("21_28s6d")]
transform = Transform3D(1, 0, 0, 0, 1, 0, 0, 0, 1, 0, 2, 0)

[editable path="GodootManPlayerModel"]
[editable path="Networked/NetPositionLerper"]
[editable path="Networked/NetRotationLerper"]
